1.000000000000000000e+00 1.012363528127904200e+00
1.010000000000000009e+00 1.012771074200425447e+00
1.020000000000000018e+00 1.013174883244767344e+00
1.030000000000000027e+00 1.013458304586696501e+00
1.040000000000000036e+00 1.013854060620921427e+00
1.050000000000000044e+00 1.014249738177434246e+00
1.060000000000000053e+00 1.014513728621342370e+00
1.070000000000000062e+00 1.014901250677308520e+00
1.080000000000000071e+00 1.015248935960822774e+00
1.090000000000000080e+00 1.015615807445863439e+00
1.100000000000000089e+00 1.015841381008784960e+00
1.110000000000000098e+00 1.016185077236906986e+00
1.120000000000000107e+00 1.016461183217806319e+00
1.130000000000000115e+00 1.016641348873961626e+00
1.140000000000000124e+00 1.016966014684195230e+00
1.150000000000000133e+00 1.017164851597696096e+00
1.160000000000000142e+00 1.017449464312968566e+00
1.170000000000000151e+00 1.017629433263044225e+00
1.180000000000000160e+00 1.017921004681725305e+00
1.190000000000000169e+00 1.018099683674096090e+00
1.200000000000000178e+00 1.018405721185528634e+00
1.210000000000000187e+00 1.018807139636627834e+00
1.220000000000000195e+00 1.019210470710623317e+00
1.230000000000000204e+00 1.019616635802910176e+00
1.240000000000000213e+00 1.020013099103288079e+00
1.250000000000000222e+00 1.020390528062412816e+00
1.260000000000000231e+00 1.020779190446259088e+00
1.270000000000000240e+00 1.021159526363760728e+00
1.280000000000000249e+00 1.021536600600299494e+00
1.290000000000000258e+00 1.021781838451542024e+00
1.300000000000000266e+00 1.022136901686948152e+00
1.310000000000000275e+00 1.022478777150717777e+00
1.320000000000000284e+00 1.022807334582797267e+00
1.330000000000000293e+00 1.023135542661729680e+00
1.340000000000000302e+00 1.023424832399917994e+00
1.350000000000000311e+00 1.023745372783011476e+00
1.360000000000000320e+00 1.023987412483456261e+00
1.370000000000000329e+00 1.024288039275250473e+00
1.380000000000000338e+00 1.024486500826518043e+00
1.390000000000000346e+00 1.024749064258011488e+00
1.400000000000000355e+00 1.024937551524296442e+00
1.410000000000000364e+00 1.025280804270991108e+00
1.420000000000000373e+00 1.025615846975021839e+00
1.430000000000000382e+00 1.025951706117500306e+00
1.440000000000000391e+00 1.026289459476337651e+00
1.450000000000000400e+00 1.026747414018033489e+00
1.460000000000000409e+00 1.027084354238224417e+00
1.470000000000000417e+00 1.027414481729256757e+00
1.480000000000000426e+00 1.027750698937123230e+00
1.490000000000000435e+00 1.028092046849847785e+00
1.500000000000000444e+00 1.028396834168651575e+00
1.510000000000000453e+00 1.028722465568085331e+00
1.520000000000000462e+00 1.029044571465258517e+00
1.530000000000000471e+00 1.029376610726759900e+00
1.540000000000000480e+00 1.029687286952238434e+00
1.550000000000000488e+00 1.029997168110926564e+00
1.560000000000000497e+00 1.030324045537089672e+00
1.570000000000000506e+00 1.030623683923068468e+00
1.580000000000000515e+00 1.030909744794821892e+00
1.590000000000000524e+00 1.031198920105622197e+00
1.600000000000000533e+00 1.031488455636298651e+00
1.610000000000000542e+00 1.031940205041152803e+00
1.620000000000000551e+00 1.032280285502046757e+00
1.630000000000000560e+00 1.032640207370522090e+00
1.640000000000000568e+00 1.033078208331480674e+00
1.650000000000000577e+00 1.033383656073491474e+00
1.660000000000000586e+00 1.033779786335892625e+00
1.670000000000000595e+00 1.034103912542007730e+00
1.680000000000000604e+00 1.034503342172343077e+00
1.690000000000000613e+00 1.034811686976028655e+00
1.700000000000000622e+00 1.035237900099415187e+00
1.710000000000000631e+00 1.035552098483677685e+00
1.720000000000000639e+00 1.035880450110860274e+00
1.730000000000000648e+00 1.036300749230811391e+00
1.740000000000000657e+00 1.036600104642300346e+00
1.750000000000000666e+00 1.036894162680082054e+00
1.760000000000000675e+00 1.037157071022193344e+00
1.770000000000000684e+00 1.037546717600781099e+00
1.780000000000000693e+00 1.037791539337538094e+00
1.790000000000000702e+00 1.038051312861260289e+00
1.800000000000000711e+00 1.038350869415224143e+00
1.810000000000000719e+00 1.038620145328606581e+00
1.820000000000000728e+00 1.038789380450634070e+00
1.830000000000000737e+00 1.038962823081124531e+00
1.840000000000000746e+00 1.039147885320949039e+00
1.850000000000000755e+00 1.039301317989242746e+00
1.860000000000000764e+00 1.039471127085757507e+00
1.870000000000000773e+00 1.039622608502828172e+00
1.880000000000000782e+00 1.039856245290048165e+00
1.890000000000000790e+00 1.039998928160177805e+00
1.900000000000000799e+00 1.040143600565514470e+00
1.910000000000000808e+00 1.040278362329348560e+00
1.920000000000000817e+00 1.040432842452054363e+00
1.930000000000000826e+00 1.040560943659152970e+00
1.940000000000000835e+00 1.040778918507731632e+00
1.950000000000000844e+00 1.040887624533968214e+00
1.960000000000000853e+00 1.040995682618410356e+00
1.970000000000000862e+00 1.041109963927028259e+00
1.980000000000000870e+00 1.041200040003704475e+00
1.990000000000000879e+00 1.041298451079302412e+00
2.000000000000000888e+00 1.041399115275746468e+00
2.010000000000000675e+00 1.041862724432225162e+00
2.020000000000000906e+00 1.042212289446178497e+00
2.030000000000001137e+00 1.042567558794784688e+00
2.040000000000000924e+00 1.042935707827390868e+00
2.050000000000000711e+00 1.043307235716512738e+00
2.060000000000000941e+00 1.043690007311101953e+00
2.070000000000001172e+00 1.044075019565561702e+00
2.080000000000000959e+00 1.044467897974875381e+00
2.090000000000000746e+00 1.044871438838262057e+00
2.100000000000000977e+00 1.045384073752109844e+00
2.110000000000001208e+00 1.045788138741503337e+00
2.120000000000000995e+00 1.046199376448702978e+00
2.130000000000000782e+00 1.046596215071588842e+00
2.140000000000001013e+00 1.047011413268603697e+00
2.150000000000001243e+00 1.047427032394699253e+00
2.160000000000001030e+00 1.047818935298204357e+00
2.170000000000000817e+00 1.048233359321685931e+00
2.180000000000001048e+00 1.048657383847421576e+00
2.190000000000001279e+00 1.049184461107926847e+00
2.200000000000001066e+00 1.049587849467937373e+00
2.210000000000000853e+00 1.050148682593457172e+00
2.220000000000001084e+00 1.050421340450916396e+00
2.230000000000001315e+00 1.050819429936248328e+00
2.240000000000001101e+00 1.051215046184413637e+00
2.250000000000000888e+00 1.051585688913509786e+00
2.260000000000001119e+00 1.051975981744225352e+00
2.270000000000001350e+00 1.052377882635633588e+00
2.280000000000001137e+00 1.052745792736100583e+00
2.290000000000000924e+00 1.053174706998646570e+00
2.300000000000001155e+00 1.053295657888014381e+00
2.310000000000001386e+00 1.053866540097518012e+00
2.320000000000001172e+00 1.054232978281133049e+00
2.330000000000000959e+00 1.054695863209560214e+00
2.340000000000001190e+00 1.055049461625560125e+00
2.350000000000001421e+00 1.055409441033150042e+00
2.360000000000001208e+00 1.055750092286892983e+00
2.370000000000000995e+00 1.056094975691226345e+00
2.380000000000001226e+00 1.056439932974681195e+00
2.390000000000001457e+00 1.056776937993702870e+00
2.400000000000001243e+00 1.057112030250453083e+00
2.410000000000001030e+00 1.057448622130259031e+00
2.420000000000001261e+00 1.057788631299577675e+00
2.430000000000001492e+00 1.058126953275761784e+00
2.440000000000001279e+00 1.058447772775938489e+00
2.450000000000001066e+00 1.058791749431654550e+00
2.460000000000001297e+00 1.059132862450292700e+00
2.470000000000001528e+00 1.059575693806605434e+00
2.480000000000001315e+00 1.059887175884932642e+00
2.490000000000001101e+00 1.060232602085662723e+00
2.500000000000001332e+00 1.060582315870385095e+00
2.510000000000001563e+00 1.060954455583716483e+00
2.520000000000001350e+00 1.061373253021728358e+00
2.530000000000001137e+00 1.061763373708030977e+00
2.540000000000001368e+00 1.062245075253890336e+00
2.550000000000001599e+00 1.062590825609028622e+00
2.560000000000001386e+00 1.063100847111026592e+00
2.570000000000001172e+00 1.063559153014516978e+00
2.580000000000001403e+00 1.064043369042929399e+00
2.590000000000001634e+00 1.059224734524668587e+00
2.600000000000001421e+00 1.064661282229135919e+00
2.610000000000001208e+00 1.065219078852080337e+00
2.620000000000001439e+00 1.065668607983407457e+00
2.630000000000001670e+00 1.066167485151494621e+00
2.640000000000001457e+00 1.066705636344863928e+00
2.650000000000001243e+00 1.067116318309753842e+00
2.660000000000001474e+00 1.067660757096932533e+00
2.670000000000001705e+00 1.068183738617576317e+00
2.680000000000001492e+00 1.068616347725865001e+00
2.690000000000001279e+00 1.069154174215724451e+00
2.700000000000001510e+00 1.069718253724420531e+00
2.710000000000001741e+00 1.070152868853314398e+00
2.720000000000001528e+00 1.070719601927916820e+00
2.730000000000001315e+00 1.071292008572302334e+00
2.740000000000001545e+00 1.071740316181163610e+00
2.750000000000001776e+00 1.072325778526429074e+00
2.760000000000001563e+00 1.072907302254513473e+00
2.770000000000001350e+00 1.073505219260303178e+00
2.780000000000001581e+00 1.073960055549706638e+00
2.790000000000001812e+00 1.074563957583777318e+00
2.800000000000001599e+00 1.075166630408777912e+00
2.810000000000001386e+00 1.075673477775831444e+00
2.820000000000001616e+00 1.076274793975270594e+00
2.830000000000001847e+00 1.076864386142433627e+00
2.840000000000001634e+00 1.077373700019609526e+00
2.850000000000001421e+00 1.077999898147944835e+00
2.860000000000001652e+00 1.078617282227192442e+00
2.870000000000001883e+00 1.079111985500575743e+00
2.880000000000001670e+00 1.079722641950660700e+00
2.890000000000001457e+00 1.080364577268834170e+00
2.900000000000001688e+00 1.080921587021448582e+00
2.910000000000001918e+00 1.081573780547918195e+00
2.920000000000001705e+00 1.082104162333778818e+00
2.930000000000001492e+00 1.082729932730640110e+00
2.940000000000001723e+00 1.083321615947096639e+00
2.950000000000001954e+00 1.083931884386739819e+00
2.960000000000001741e+00 1.084448011251635924e+00
2.970000000000001528e+00 1.084998393661637417e+00
2.980000000000001759e+00 1.085501037326648044e+00
2.990000000000001990e+00 1.085365486690584635e+00
3.000000000000001776e+00 1.087991459832023722e+00
3.010000000000001563e+00 1.087539421471604761e+00
3.020000000000001794e+00 1.087997009952836436e+00
3.030000000000002025e+00 1.088443416275015174e+00
3.040000000000001812e+00 1.088759477209020776e+00
3.050000000000001599e+00 1.089200692001471626e+00
3.060000000000001830e+00 1.089643379417553737e+00
3.070000000000002061e+00 1.089964233421045314e+00
3.080000000000001847e+00 1.090420122749873100e+00
3.090000000000001634e+00 1.090892970829978603e+00
3.100000000000001865e+00 1.091914151385714238e+00
3.110000000000002096e+00 1.091423878213945153e+00
3.120000000000001883e+00 1.091928921613717574e+00
3.130000000000001670e+00 1.092384583781875307e+00
3.140000000000001901e+00 1.092712361236152452e+00
3.150000000000002132e+00 1.093158637536979061e+00
3.160000000000001918e+00 1.093588371200765019e+00
3.170000000000001705e+00 1.093902487063415530e+00
3.180000000000001936e+00 1.094372793052871939e+00
3.190000000000002167e+00 1.094790376607730487e+00
3.200000000000001954e+00 1.095113565891841167e+00
3.210000000000001741e+00 1.095539195920349540e+00
3.220000000000001972e+00 1.095944093614539483e+00
3.230000000000002203e+00 1.096317625930549378e+00
3.240000000000001990e+00 1.096717065223683729e+00
3.250000000000001776e+00 1.097125467385754449e+00
3.260000000000002007e+00 1.097529249379944449e+00
3.270000000000002238e+00 1.097865862648785829e+00
3.280000000000002025e+00 1.098231623653478373e+00
3.290000000000001812e+00 1.098560566501141977e+00
3.300000000000002043e+00 1.098757563263850878e+00
3.310000000000002274e+00 1.098966885214997413e+00
3.320000000000002061e+00 1.098550615768559169e+00
3.330000000000001847e+00 1.088599183674195503e+00
3.340000000000002078e+00 1.103734026027598958e+00
3.350000000000002309e+00 1.102778634884065356e+00
3.360000000000002096e+00 1.102891018730642880e+00
3.370000000000001883e+00 1.103052912939527674e+00
3.380000000000002114e+00 1.103372981849242151e+00
3.390000000000002345e+00 1.103723039208335033e+00
3.400000000000002132e+00 1.104129798305199861e+00
3.410000000000001918e+00 1.104515939391544022e+00
3.420000000000002149e+00 1.104914173576439396e+00
3.430000000000002380e+00 1.105266079305730509e+00
3.440000000000002167e+00 1.105771530726535667e+00
3.450000000000001954e+00 1.106168390395358525e+00
3.460000000000002185e+00 1.106551820248052875e+00
3.470000000000002416e+00 1.106951125473288222e+00
3.480000000000002203e+00 1.107475015033469345e+00
3.490000000000001990e+00 1.107884625004033952e+00
3.500000000000002220e+00 1.108278329882667945e+00
3.510000000000002451e+00 1.108682991260351081e+00
3.520000000000002238e+00 1.109089870323649585e+00
3.530000000000002025e+00 1.109624229734421874e+00
3.540000000000002256e+00 1.110032027979553915e+00
3.550000000000002487e+00 1.110442911930050069e+00
3.560000000000002274e+00 1.110861401521314740e+00
3.570000000000002061e+00 1.111397898262863393e+00
3.580000000000002292e+00 1.111811026300309146e+00
3.590000000000002522e+00 1.112236072904238204e+00
3.600000000000002309e+00 1.112662357243562994e+00
3.610000000000002096e+00 1.113206560056112071e+00
3.620000000000002327e+00 1.113617439158064659e+00
3.630000000000002558e+00 1.114090906218094368e+00
3.640000000000002345e+00 1.114512617442120934e+00
3.650000000000002132e+00 1.115053394907916440e+00
3.660000000000002363e+00 1.115543556251691326e+00
3.670000000000002593e+00 1.115978964266110651e+00
3.680000000000002380e+00 1.116410478878359536e+00
3.690000000000002167e+00 1.116880930619200685e+00
3.700000000000002398e+00 1.117473602811062117e+00
3.710000000000002629e+00 1.117931314939618614e+00
3.720000000000002416e+00 1.118380893346675231e+00
3.730000000000002203e+00 1.118853866062268887e+00
3.740000000000002434e+00 1.119479217315074493e+00
3.750000000000002665e+00 1.119940947583442092e+00
3.760000000000002451e+00 1.120439966677923671e+00
3.770000000000002238e+00 1.120914402863753212e+00
3.780000000000002469e+00 1.121553512159113586e+00
3.790000000000002700e+00 1.122058380033561509e+00
3.800000000000002487e+00 1.122558374390632441e+00
3.810000000000002274e+00 1.123056188019780022e+00
3.820000000000002505e+00 1.123722542229679489e+00
3.830000000000002736e+00 1.124242631144031668e+00
3.840000000000002522e+00 1.124773526804764501e+00
3.850000000000002309e+00 1.125415713388589589e+00
3.860000000000002540e+00 1.125967671872314835e+00
3.870000000000002771e+00 1.126528921105538927e+00
3.880000000000002558e+00 1.127079669524286176e+00
3.890000000000002345e+00 1.127772760760970217e+00
3.900000000000002576e+00 1.128343358295407439e+00
3.910000000000002807e+00 1.128922632714312480e+00
3.920000000000002593e+00 1.129508456068829325e+00
3.930000000000002380e+00 1.130229268552070954e+00
3.940000000000002611e+00 1.130834906614846869e+00
3.950000000000002842e+00 1.131422422622151203e+00
3.960000000000002629e+00 1.132037928915808900e+00
3.970000000000002416e+00 1.132776733689336179e+00
3.980000000000002647e+00 1.133411979056851537e+00
3.990000000000002878e+00 1.134020542368333162e+00
4.000000000000002665e+00 1.134644227109874892e+00
4.010000000000002451e+00 1.135257409890463753e+00
4.020000000000003126e+00 1.135730843125742462e+00
4.030000000000002913e+00 1.136198326817136728e+00
4.040000000000002700e+00 1.136694430048362126e+00
4.050000000000002487e+00 1.137185440851709251e+00
4.060000000000002274e+00 1.137691561153416409e+00
4.070000000000002949e+00 1.138180795085159014e+00
4.080000000000002736e+00 1.138672721504050411e+00
4.090000000000002522e+00 1.139272642544758352e+00
4.100000000000003197e+00 1.139791318743204940e+00
4.110000000000002984e+00 1.140430254338872018e+00
4.120000000000002771e+00 1.141026362869096644e+00
4.130000000000002558e+00 1.141625138094130687e+00
4.140000000000002345e+00 1.142347102075207399e+00
4.150000000000003020e+00 1.143177074571926743e+00
4.160000000000002807e+00 1.144385978031336126e+00
4.170000000000002593e+00 1.147365933771049340e+00
4.180000000000003268e+00 1.116920178181641576e+00
4.190000000000003055e+00 1.140233488456644739e+00
4.200000000000002842e+00 1.142320949441774758e+00
4.210000000000002629e+00 1.143457451390684554e+00
4.220000000000002416e+00 1.144238611732019795e+00
4.230000000000003091e+00 1.144939497648597815e+00
4.240000000000002878e+00 1.145543126645732102e+00
4.250000000000002665e+00 1.146235243782101065e+00
4.260000000000003340e+00 1.146794756598725984e+00
4.270000000000003126e+00 1.147353449686000504e+00
4.280000000000002913e+00 1.147905921154626085e+00
4.290000000000002700e+00 1.148442874410829040e+00
4.300000000000002487e+00 1.148967233765535667e+00
4.310000000000003162e+00 1.149542525238817170e+00
4.320000000000002949e+00 1.150077494956275093e+00
4.330000000000002736e+00 1.150606706534441415e+00
4.340000000000003411e+00 1.151124748958169519e+00
4.350000000000003197e+00 1.151644207224460592e+00
4.360000000000002984e+00 1.152184828041362907e+00
4.370000000000002771e+00 1.152706474923557156e+00
4.380000000000002558e+00 1.153229678486214160e+00
4.390000000000003233e+00 1.153759543584525815e+00
4.400000000000003020e+00 1.154286115832872550e+00
4.410000000000002807e+00 1.154956020206866718e+00
4.420000000000003482e+00 1.155484217566544292e+00
4.430000000000003268e+00 1.156014628317887372e+00
4.440000000000003055e+00 1.156546731828401064e+00
4.450000000000002842e+00 1.157077265314027326e+00
4.460000000000002629e+00 1.157613858399112017e+00
4.470000000000003304e+00 1.158149697280779211e+00
4.480000000000003091e+00 1.158692253468806221e+00
4.490000000000002878e+00 1.159231991362410952e+00
4.500000000000003553e+00 1.159760272042711371e+00
4.510000000000003340e+00 1.160292883342940895e+00
4.520000000000003126e+00 1.160837851553532696e+00
4.530000000000002913e+00 1.161390966614149756e+00
4.540000000000002700e+00 1.161919627707960867e+00
4.550000000000003375e+00 1.162472473668063833e+00
4.560000000000003162e+00 1.163033085620351681e+00
4.570000000000002949e+00 1.163595542488769397e+00
4.580000000000003624e+00 1.164270011484444201e+00
4.590000000000003411e+00 1.164791080862351613e+00
4.600000000000003197e+00 1.165357347304480706e+00
4.610000000000002984e+00 1.165912558904392604e+00
4.620000000000002771e+00 1.166493357028921096e+00
4.630000000000003446e+00 1.167003807833086215e+00
4.640000000000003233e+00 1.167589102971490655e+00
4.650000000000003020e+00 1.168161591331742688e+00
4.660000000000003695e+00 1.168754354693209763e+00
4.670000000000003482e+00 1.169352633207670467e+00
4.680000000000003268e+00 1.169867960411209218e+00
4.690000000000003055e+00 1.170467549256178463e+00
4.700000000000002842e+00 1.171074827728644685e+00
4.710000000000003517e+00 1.171663789567204184e+00
4.720000000000003304e+00 1.172173040280524381e+00
4.730000000000003091e+00 1.172788216428589214e+00
4.740000000000003766e+00 1.173458582449760534e+00
4.750000000000003553e+00 1.174081588801660692e+00
4.760000000000003340e+00 1.174704305045749297e+00
4.770000000000003126e+00 1.175225799226071732e+00
4.780000000000002913e+00 1.175857289994205912e+00
4.790000000000003588e+00 1.176488869475805776e+00
4.800000000000003375e+00 1.177121848702954443e+00
4.810000000000003162e+00 1.177640647460582501e+00
4.820000000000003837e+00 1.178283911484540925e+00
4.830000000000003624e+00 1.178937410956306442e+00
4.840000000000003411e+00 1.179593574063934058e+00
4.850000000000003197e+00 1.180253131071665518e+00
4.860000000000002984e+00 1.180782249370677883e+00
4.870000000000003659e+00 1.181449742196863939e+00
4.880000000000003446e+00 1.182121557704102432e+00
4.890000000000003233e+00 1.182796695481922233e+00
4.900000000000003908e+00 1.183337656201288279e+00
4.910000000000003695e+00 1.184004655041362097e+00
4.920000000000003482e+00 1.184693052823862391e+00
4.930000000000003268e+00 1.185376577941761544e+00
4.940000000000003055e+00 1.186082703387655535e+00
4.950000000000003730e+00 1.186647535009939025e+00
4.960000000000003517e+00 1.187347303230631645e+00
4.970000000000003304e+00 1.188046644483364611e+00
4.980000000000003979e+00 1.188747542857214068e+00
4.990000000000003766e+00 1.189326846564050966e+00
5.000000000000003553e+00 1.190032900069988964e+00
5.010000000000003340e+00 1.190596073594697435e+00
5.020000000000003126e+00 1.191279737835385655e+00
5.030000000000003801e+00 1.191826730140300716e+00
5.040000000000003588e+00 1.192423123951922959e+00
5.050000000000003375e+00 1.192977946705142234e+00
5.060000000000004050e+00 1.193537895837551321e+00
5.070000000000003837e+00 1.194122014897330608e+00
5.080000000000003624e+00 1.194678489953796552e+00
5.090000000000003411e+00 1.195453471843577864e+00
5.100000000000003197e+00 1.196028167497957151e+00
5.110000000000003872e+00 1.196601933288872210e+00
5.120000000000003659e+00 1.197177752672153650e+00
5.130000000000003446e+00 1.197743364809622957e+00
5.140000000000004121e+00 1.198351751815013300e+00
5.150000000000003908e+00 1.199040291926476209e+00
5.160000000000003695e+00 1.199620189889313959e+00
5.170000000000003482e+00 1.200227247990642399e+00
5.180000000000003268e+00 1.200800123950138465e+00
5.190000000000003944e+00 1.201399238874279796e+00
5.200000000000003730e+00 1.202017179319810891e+00
5.210000000000003517e+00 1.202609710243819352e+00
5.220000000000004192e+00 1.203282182001227385e+00
5.230000000000003979e+00 1.203863793161512374e+00
5.240000000000003766e+00 1.204486869316102160e+00
5.250000000000003553e+00 1.205071988375577385e+00
5.260000000000003340e+00 1.205688336143780681e+00
5.270000000000004015e+00 1.206320495985014674e+00
5.280000000000003801e+00 1.206910745979703714e+00
5.290000000000003588e+00 1.207577195126227299e+00
5.300000000000004263e+00 1.208191670471438606e+00
5.310000000000004050e+00 1.208810239548934407e+00
5.320000000000003837e+00 1.209427485897245580e+00
5.330000000000003624e+00 1.210048202623950298e+00
5.340000000000003411e+00 1.210669978258759327e+00
5.350000000000004086e+00 1.211277657073733582e+00
5.360000000000003872e+00 1.211928899220461320e+00
5.370000000000003659e+00 1.212570884968502405e+00
5.380000000000004334e+00 1.213185378284152405e+00
5.390000000000004121e+00 1.213812980149947540e+00
5.400000000000003908e+00 1.214444258814106004e+00
5.410000000000003695e+00 1.215074391865496484e+00
5.420000000000003482e+00 1.215719586497984617e+00
5.430000000000004157e+00 1.216351763658942708e+00
5.440000000000003944e+00 1.216984860664147794e+00
5.450000000000003730e+00 1.217619842483842696e+00
5.460000000000004405e+00 1.218258374820150980e+00
5.470000000000004192e+00 1.218898186877928280e+00
5.480000000000003979e+00 1.219541104787800645e+00
5.490000000000003766e+00 1.220180067895256570e+00
5.500000000000003553e+00 1.220819494512837666e+00
5.510000000000004228e+00 1.221467573953413766e+00
5.520000000000004015e+00 1.222120002603125810e+00
5.530000000000003801e+00 1.222762011282679140e+00
5.540000000000004476e+00 1.223416930512614575e+00
5.550000000000004263e+00 1.224082885298715340e+00
5.560000000000004050e+00 1.224702840150801997e+00
5.570000000000003837e+00 1.225368018686912475e+00
5.580000000000003624e+00 1.226035896868229891e+00
5.590000000000004299e+00 1.226718141173803067e+00
5.600000000000004086e+00 1.227362876617730914e+00
5.610000000000003872e+00 1.228164433000916711e+00
5.620000000000004547e+00 1.228840771958437106e+00
5.630000000000004334e+00 1.229467768549559192e+00
5.640000000000004121e+00 1.230164073023176874e+00
5.650000000000003908e+00 1.230862804960954682e+00
5.660000000000003695e+00 1.231495998957887750e+00
5.670000000000004370e+00 1.232222157561374098e+00
5.680000000000004157e+00 1.232905085069850193e+00
5.690000000000003944e+00 1.233602891123408263e+00
5.700000000000004619e+00 1.234250582529944351e+00
5.710000000000004405e+00 1.234967430322228887e+00
5.720000000000004192e+00 1.235713586514852746e+00
5.730000000000003979e+00 1.236329648468011966e+00
5.740000000000003766e+00 1.237084629215164489e+00
5.750000000000004441e+00 1.237846736308751749e+00
5.760000000000004228e+00 1.238438445303857272e+00
5.770000000000004015e+00 1.239207631445369717e+00
5.780000000000004690e+00 1.239930293773757519e+00
5.790000000000004476e+00 1.240606153555834146e+00
5.800000000000004263e+00 1.241383716414015126e+00
5.810000000000004050e+00 1.242107465168725389e+00
5.820000000000003837e+00 1.242887865542245729e+00
5.830000000000004512e+00 1.243508766003281307e+00
5.840000000000004299e+00 1.244306629532246689e+00
5.850000000000004086e+00 1.245073000348815073e+00
5.860000000000004761e+00 1.245734193236741172e+00
5.870000000000004547e+00 1.246540172808246361e+00
5.880000000000004334e+00 1.247293301316396930e+00
5.890000000000004121e+00 1.247963129012208849e+00
5.900000000000003908e+00 1.248752826437230512e+00
5.910000000000004583e+00 1.249546055164093339e+00
5.920000000000004370e+00 1.250227139837284840e+00
5.930000000000004157e+00 1.251019162888669323e+00
5.940000000000004832e+00 1.251825311686176168e+00
5.950000000000004619e+00 1.252622045104620163e+00
5.960000000000004405e+00 1.253281513784010093e+00
5.970000000000004192e+00 1.254098553777245995e+00
5.980000000000003979e+00 1.254904203279375130e+00
5.990000000000004654e+00 1.255567451504093102e+00
6.000000000000004441e+00 1.256373852501636579e+00
6.010000000000004228e+00 1.257058065790277013e+00
6.020000000000004903e+00 1.257598937707328668e+00
6.030000000000004690e+00 1.258288083366007060e+00
6.040000000000004476e+00 1.258837598116966161e+00
6.050000000000004263e+00 1.259530953671921027e+00
6.060000000000004050e+00 1.260086754815073817e+00
6.070000000000004725e+00 1.260792518987787325e+00
6.080000000000004512e+00 1.261357644615266338e+00
6.090000000000004299e+00 1.262072309175218177e+00
6.100000000000004974e+00 1.262798978497705837e+00
6.110000000000004761e+00 1.263385143258454635e+00
6.120000000000004547e+00 1.264108690307287564e+00
6.130000000000004334e+00 1.264707511811190122e+00
6.140000000000004121e+00 1.265425771772517916e+00
6.150000000000004796e+00 1.266034545136195621e+00
6.160000000000004583e+00 1.266764287402492917e+00
6.170000000000004370e+00 1.267395429561105180e+00
6.180000000000005045e+00 1.268151543090152655e+00
6.190000000000004832e+00 1.268890875578686739e+00
6.200000000000004619e+00 1.269529179023972887e+00
6.210000000000004405e+00 1.270281498900383221e+00
6.220000000000004192e+00 1.270932003113160347e+00
6.230000000000004867e+00 1.271684711965756387e+00
6.240000000000004654e+00 1.272346364504510774e+00
6.250000000000004441e+00 1.273123796195446467e+00
6.260000000000005116e+00 1.273798366444576002e+00
6.270000000000004903e+00 1.274563566800354097e+00
6.280000000000004690e+00 1.275246656063299122e+00
6.290000000000004476e+00 1.276014050104047559e+00
6.300000000000004263e+00 1.276826891674451847e+00
6.310000000000004938e+00 1.277528186431079460e+00
6.320000000000004725e+00 1.278303091703989258e+00
6.330000000000004512e+00 1.279015968988800545e+00
6.340000000000005187e+00 1.279821758976060764e+00
6.350000000000004974e+00 1.280542253619995297e+00
6.360000000000004761e+00 1.281329146772163030e+00
6.370000000000004547e+00 1.282056177409696796e+00
6.380000000000004334e+00 1.282924283420389777e+00
6.390000000000005009e+00 1.283755736344187381e+00
6.400000000000004796e+00 1.284484286047737012e+00
6.410000000000004583e+00 1.285297764709982804e+00
6.420000000000005258e+00 1.286047395602924359e+00
6.430000000000005045e+00 1.286866104999088600e+00
6.440000000000004832e+00 1.287619082923166847e+00
6.450000000000004619e+00 1.288421204806328380e+00
6.460000000000004405e+00 1.289179719393884316e+00
6.470000000000005080e+00 1.290004097695115926e+00
6.480000000000004867e+00 1.290773292219531632e+00
6.490000000000004654e+00 1.291574488084676897e+00
6.500000000000005329e+00 1.292381012848130117e+00
6.510000000000005116e+00 1.293144712503842886e+00
6.520000000000004903e+00 1.293972176486506198e+00
6.530000000000004690e+00 1.294747257949944386e+00
6.540000000000004476e+00 1.295539472520969460e+00
6.550000000000005151e+00 1.296316584974170683e+00
6.560000000000004938e+00 1.297303083518267286e+00
6.570000000000004725e+00 1.298077260760144735e+00
6.580000000000005400e+00 1.298866314430396240e+00
6.590000000000005187e+00 1.299655909194908032e+00
6.600000000000004974e+00 1.300427210171462233e+00
6.610000000000004761e+00 1.301223732086417506e+00
6.620000000000004547e+00 1.301991470741118428e+00
6.630000000000005222e+00 1.302769181776096685e+00
6.640000000000005009e+00 1.303537385808926974e+00
6.650000000000004796e+00 1.304311292549004575e+00
6.660000000000005471e+00 1.305086278806098621e+00
6.670000000000005258e+00 1.305840235997532739e+00
6.680000000000005045e+00 1.306589641894216891e+00
6.690000000000004832e+00 1.307333947828712484e+00
6.700000000000004619e+00 1.308075609182009824e+00
6.710000000000005294e+00 1.308823184413678398e+00
6.720000000000005080e+00 1.309574855353293321e+00
6.730000000000004867e+00 1.310342023377977672e+00
6.740000000000005542e+00 1.311106061324730288e+00
6.750000000000005329e+00 1.311907276618605289e+00
6.760000000000005116e+00 1.312723892808251192e+00
6.770000000000004903e+00 1.313572874592957351e+00
6.780000000000004690e+00 1.314424393155244397e+00
6.790000000000005365e+00 1.315332751317232152e+00
6.800000000000005151e+00 1.316278851335013433e+00
6.810000000000004938e+00 1.317261692155942576e+00
6.820000000000005613e+00 1.318294595946927439e+00
6.830000000000005400e+00 1.319340950763952636e+00
6.840000000000005187e+00 1.320466526440360333e+00
6.850000000000004974e+00 1.321640943285748104e+00
6.860000000000004761e+00 1.322878746620415491e+00
6.870000000000005436e+00 1.324139321098261712e+00
6.880000000000005222e+00 1.325494586628678029e+00
6.890000000000005009e+00 1.326911674228070215e+00
6.900000000000005684e+00 1.328402723454584988e+00
6.910000000000005471e+00 1.329961175362460724e+00
6.920000000000005258e+00 1.331556079950944049e+00
6.930000000000005045e+00 1.333264952136392623e+00
6.940000000000004832e+00 1.334895773778679962e+00
6.950000000000005507e+00 1.336761549922681258e+00
6.960000000000005294e+00 1.338683269653127672e+00
6.970000000000005080e+00 1.340721522331135063e+00
6.980000000000005755e+00 1.342849300042650684e+00
6.990000000000005542e+00 1.345064520807657704e+00
7.000000000000005329e+00 1.347367517256488956e+00
7.010000000000005116e+00 1.349435373765941026e+00
7.020000000000004903e+00 1.351553658147640169e+00
7.030000000000005578e+00 1.353571995885562984e+00
7.040000000000005365e+00 1.355790917634956294e+00
7.050000000000005151e+00 1.358047996837373539e+00
7.060000000000005826e+00 1.360212818820797587e+00
7.070000000000005613e+00 1.362537989334066335e+00
7.080000000000005400e+00 1.364881316415549772e+00
7.090000000000005187e+00 1.367152778195040330e+00
7.100000000000004974e+00 1.369534558162177840e+00
7.110000000000005649e+00 1.371931826681525246e+00
7.120000000000005436e+00 1.374379570818438756e+00
7.130000000000005222e+00 1.376677241664475027e+00
7.140000000000005898e+00 1.379151577814493601e+00
7.150000000000005684e+00 1.381572039093720061e+00
7.160000000000005471e+00 1.383873066289765363e+00
7.170000000000005258e+00 1.386340501640552780e+00
7.180000000000005045e+00 1.388726949043492587e+00
7.190000000000005720e+00 1.391011838439959458e+00
7.200000000000005507e+00 1.393479144318577667e+00
7.210000000000005294e+00 1.395812662139178206e+00
7.220000000000005969e+00 1.398069231549071922e+00
7.230000000000005755e+00 1.400480325859088326e+00
7.240000000000005542e+00 1.402744558594040347e+00
7.250000000000005329e+00 1.405002319158758839e+00
7.260000000000005116e+00 1.407311185541443299e+00
7.270000000000005791e+00 1.409507587353646674e+00
7.280000000000005578e+00 1.411808498769145936e+00
7.290000000000005365e+00 1.413921747967193276e+00
7.300000000000006040e+00 1.416031159702282105e+00
7.310000000000005826e+00 1.418258430881210064e+00
7.320000000000005613e+00 1.420288573140773725e+00
7.330000000000005400e+00 1.422301027467159029e+00
7.340000000000005187e+00 1.424442035603753487e+00
7.350000000000005862e+00 1.426393149719342279e+00
7.360000000000005649e+00 1.428307403296366962e+00
7.370000000000005436e+00 1.430366642168400926e+00
7.380000000000006111e+00 1.432229063106711386e+00
7.390000000000005898e+00 1.434092050295412202e+00
7.400000000000005684e+00 1.436085689024189094e+00
7.410000000000005471e+00 1.437873133172625995e+00
7.420000000000005258e+00 1.439677527518796296e+00
7.430000000000005933e+00 1.441607459062820285e+00
7.440000000000005720e+00 1.443368729228646119e+00
7.450000000000005507e+00 1.445324893660959509e+00
7.460000000000006182e+00 1.447029405372389999e+00
7.470000000000005969e+00 1.448739997073343000e+00
7.480000000000005755e+00 1.450662284728862383e+00
7.490000000000005542e+00 1.452389574038900122e+00
7.500000000000005329e+00 1.454113324341451241e+00
7.510000000000006004e+00 1.455902009430543487e+00
7.520000000000005791e+00 1.457640961866292439e+00
7.530000000000005578e+00 1.459385466294224276e+00
7.540000000000006253e+00 1.461221432510722451e+00
7.550000000000006040e+00 1.463001401520137801e+00
7.560000000000005826e+00 1.464625604159529804e+00
7.570000000000005613e+00 1.466531517667082340e+00
7.580000000000005400e+00 1.468268308110459719e+00
7.590000000000006075e+00 1.470182259293878024e+00
7.600000000000005862e+00 1.471897047939289216e+00
7.610000000000005649e+00 1.473638251590615456e+00
7.620000000000006324e+00 1.475518106090817350e+00
7.630000000000006111e+00 1.477259293493633274e+00
7.640000000000005898e+00 1.479101635900258449e+00
7.650000000000005684e+00 1.481045489205748744e+00
7.660000000000005471e+00 1.482886740438048356e+00
7.670000000000006146e+00 1.484560389242921108e+00
7.680000000000005933e+00 1.486553708962428555e+00
7.690000000000005720e+00 1.488444002163487712e+00
7.700000000000006395e+00 1.490349024328585736e+00
7.710000000000006182e+00 1.492320284760130678e+00
7.720000000000005969e+00 1.494076238967407377e+00
7.730000000000005755e+00 1.496147615426036914e+00
7.740000000000005542e+00 1.498083745163708569e+00
7.750000000000006217e+00 1.500096602843232318e+00
7.760000000000006004e+00 1.502125244516872460e+00
7.770000000000005791e+00 1.504040732016326043e+00
7.780000000000006466e+00 1.506058250533389709e+00
7.790000000000006253e+00 1.508171397297558780e+00
7.800000000000006040e+00 1.510205484388832398e+00
7.810000000000005826e+00 1.512310918338189758e+00
7.820000000000005613e+00 1.514314036990066503e+00
7.830000000000006288e+00 1.516410621160373173e+00
7.840000000000006075e+00 1.518579656624777119e+00
7.850000000000005862e+00 1.520785985739222301e+00
7.860000000000006537e+00 1.522977869117159377e+00
7.870000000000006324e+00 1.525004540618011273e+00
7.880000000000006111e+00 1.527242121530878682e+00
7.890000000000005898e+00 1.529479992497972951e+00
7.900000000000005684e+00 1.531736234672814057e+00
7.910000000000006359e+00 1.534013983227029643e+00
7.920000000000006146e+00 1.536306387666604101e+00
7.930000000000005933e+00 1.538437223364500728e+00
7.940000000000006608e+00 1.540761330544044183e+00
7.950000000000006395e+00 1.543089607173068423e+00
7.960000000000006182e+00 1.545450493299017625e+00
7.970000000000005969e+00 1.547811970905995871e+00
7.980000000000005755e+00 1.550023303138886144e+00
7.990000000000006430e+00 1.552455463978228867e+00
8.000000000000007105e+00 1.554866377517595044e+00
8.010000000000005116e+00 1.556716757194367418e+00
8.020000000000006679e+00 1.558533240189372782e+00
8.030000000000006466e+00 1.560477782161598936e+00
8.040000000000006253e+00 1.562339589593315425e+00
8.050000000000006040e+00 1.564213144129967814e+00
8.060000000000005826e+00 1.566082027967933277e+00
8.070000000000007390e+00 1.568130422999946205e+00
8.080000000000005400e+00 1.569938227608858261e+00
8.090000000000006963e+00 1.571970449363759181e+00
8.100000000000006750e+00 1.573991664512101929e+00
8.110000000000006537e+00 1.575931941985718066e+00
8.120000000000006324e+00 1.577910362486332430e+00
8.130000000000006111e+00 1.580110786493493569e+00
8.140000000000005898e+00 1.582079469688272289e+00
8.150000000000005684e+00 1.584162887276094889e+00
8.160000000000007248e+00 1.586327603818265874e+00
8.170000000000005258e+00 1.588451258004251132e+00
8.180000000000006821e+00 1.590658013776966362e+00
8.190000000000006608e+00 1.592828098778153567e+00
8.200000000000006395e+00 1.594963123845429154e+00
8.210000000000006182e+00 1.597303574922388059e+00
8.220000000000005969e+00 1.599498281732012694e+00
8.230000000000007532e+00 1.601752907160095329e+00
8.240000000000005542e+00 1.604119855491511037e+00
8.250000000000007105e+00 1.606458993692502446e+00
8.260000000000006892e+00 1.608728748516557561e+00
8.270000000000006679e+00 1.611373905080422109e+00
8.280000000000006466e+00 1.613602564042465382e+00
8.290000000000006253e+00 1.616043168585278966e+00
8.300000000000006040e+00 1.618636741674037260e+00
8.310000000000005826e+00 1.621067412945150998e+00
8.320000000000007390e+00 1.623774385358481398e+00
8.330000000000005400e+00 1.626305498302442532e+00
8.340000000000006963e+00 1.628825887062677946e+00
8.350000000000006750e+00 1.631631439089550328e+00
8.360000000000006537e+00 1.634231506512394905e+00
8.370000000000006324e+00 1.636886934463778420e+00
8.380000000000006111e+00 1.639775012810751331e+00
8.390000000000007674e+00 1.642538909095448973e+00
8.400000000000005684e+00 1.645334391949939468e+00
8.410000000000007248e+00 1.648304238115327225e+00
8.420000000000007034e+00 1.651136123905052155e+00
8.430000000000006821e+00 1.654053240142501213e+00
8.440000000000006608e+00 1.657144177254137762e+00
8.450000000000006395e+00 1.660110897648216621e+00
8.460000000000006182e+00 1.663344215025831740e+00
8.470000000000005969e+00 1.666372348768422773e+00
8.480000000000007532e+00 1.669470714955860302e+00
8.490000000000005542e+00 1.672800326259913817e+00
8.500000000000007105e+00 1.675980145951749378e+00
8.510000000000006892e+00 1.679230341093530976e+00
8.520000000000006679e+00 1.682669933399878470e+00
8.530000000000006466e+00 1.685986265358097480e+00
8.540000000000006253e+00 1.689446697083878401e+00
8.550000000000007816e+00 1.692997903054951570e+00
8.560000000000005826e+00 1.696480638327771073e+00
8.570000000000007390e+00 1.700158571133388419e+00
8.580000000000007176e+00 1.703901425654782642e+00
8.590000000000006963e+00 1.707521090576068046e+00
8.600000000000006750e+00 1.711513252361626547e+00
8.610000000000006537e+00 1.715352890074922421e+00
8.620000000000006324e+00 1.719161753413832816e+00
8.630000000000006111e+00 1.723183149976132089e+00
8.640000000000007674e+00 1.727441505558778401e+00
8.650000000000005684e+00 1.731438877010599064e+00
8.660000000000007248e+00 1.735725648940480426e+00
8.670000000000007034e+00 1.740207577811538897e+00
8.680000000000006821e+00 1.744514713808362538e+00
8.690000000000006608e+00 1.749040710187833803e+00
8.700000000000006395e+00 1.753802959778811843e+00
8.710000000000007958e+00 1.758409499939914689e+00
8.720000000000005969e+00 1.763180396508124970e+00
8.730000000000007532e+00 1.768280456245129528e+00
8.740000000000007319e+00 1.773237997773837060e+00
8.750000000000007105e+00 1.778327984274665097e+00
8.760000000000006892e+00 1.783529261624485329e+00
8.770000000000006679e+00 1.789098420638314257e+00
8.780000000000006466e+00 1.794570941510107875e+00
8.790000000000006253e+00 1.800224129582612687e+00
8.800000000000007816e+00 1.806238298158454159e+00
8.810000000000005826e+00 1.812173998674085018e+00
8.820000000000007390e+00 1.818366514959423474e+00
8.830000000000007176e+00 1.824957673165921834e+00
8.840000000000006963e+00 1.831574023829152242e+00
8.850000000000006750e+00 1.838381336896231399e+00
8.860000000000006537e+00 1.845504603359979789e+00
8.870000000000008100e+00 1.853078688189665035e+00
8.880000000000006111e+00 1.860780656513585374e+00
8.890000000000007674e+00 1.868768333585848485e+00
8.900000000000007461e+00 1.877328755163951701e+00
8.910000000000007248e+00 1.886010359466372632e+00
8.920000000000007034e+00 1.895279910485101915e+00
8.930000000000006821e+00 1.904779085454675114e+00
8.940000000000006608e+00 1.914965981888213431e+00
8.950000000000006395e+00 1.925639218514639595e+00
8.960000000000007958e+00 1.936664845886634012e+00
8.970000000000005969e+00 1.948457342558095995e+00
8.980000000000007532e+00 1.960831404977404269e+00
8.990000000000007319e+00 1.973994027170415722e+00
9.000000000000007105e+00 1.987953065482280568e+00
9.010000000000006892e+00 2.000845238730569964e+00
9.020000000000006679e+00 2.014468386273080114e+00
9.030000000000006466e+00 2.028626755139919524e+00
9.040000000000006253e+00 2.043388220625769858e+00
9.050000000000007816e+00 2.059037190061152600e+00
9.060000000000007603e+00 2.075227345514662147e+00
9.070000000000007390e+00 2.092367576446137800e+00
9.080000000000007176e+00 2.109980517227428631e+00
9.090000000000006963e+00 2.128522397452112802e+00
9.100000000000006750e+00 2.147602472427474041e+00
9.110000000000006537e+00 2.167529136142164692e+00
9.120000000000008100e+00 2.187990354460254583e+00
9.130000000000007887e+00 2.209198643979596088e+00
9.140000000000007674e+00 2.231050189035292064e+00
9.150000000000007461e+00 2.253640088747660641e+00
9.160000000000007248e+00 2.276820483418562802e+00
9.170000000000007034e+00 2.300772113296110977e+00
9.180000000000006821e+00 2.325419467478505364e+00
9.190000000000006608e+00 2.351038654852672938e+00
9.200000000000006395e+00 2.377266754581175423e+00
9.210000000000007958e+00 2.404294488720540635e+00
9.220000000000007745e+00 2.432453402791740160e+00
9.230000000000007532e+00 2.461275822581847628e+00
9.240000000000007319e+00 2.490983666821797282e+00
9.250000000000007105e+00 2.521944855059432111e+00
9.260000000000006892e+00 2.553563973302664714e+00
9.270000000000006679e+00 2.586418332661224007e+00
9.280000000000008242e+00 2.620152022689786087e+00
9.290000000000008029e+00 2.654972477869946612e+00
9.300000000000007816e+00 2.691280194355978761e+00
9.310000000000007603e+00 2.728506118863313734e+00
9.320000000000007390e+00 2.767385792613970885e+00
9.330000000000007176e+00 2.807416295343477586e+00
9.340000000000006963e+00 2.849024553146283001e+00
9.350000000000006750e+00 2.892472630167147951e+00
9.360000000000006537e+00 2.937347507008332137e+00
9.370000000000008100e+00 2.984413147979932290e+00
9.380000000000007887e+00 3.033159737124666133e+00
9.390000000000007674e+00 3.084598950428010689e+00
9.400000000000007461e+00 3.138122131486481337e+00
9.410000000000007248e+00 3.194339172152538264e+00
9.420000000000007034e+00 3.253529892646665811e+00
9.430000000000006821e+00 3.316199885905360745e+00
9.440000000000008384e+00 3.381856608308073220e+00
9.450000000000008171e+00 3.451197783150658616e+00
9.460000000000007958e+00 3.524763738741683028e+00
9.470000000000007745e+00 3.602038168136739493e+00
9.480000000000007532e+00 3.684140206713485632e+00
9.490000000000007319e+00 3.771912458102501642e+00
9.500000000000007105e+00 3.866193595912700065e+00
9.510000000000006892e+00 3.967737046397451728e+00
9.520000000000006679e+00 4.076599836559158696e+00
9.530000000000008242e+00 4.192826366868991350e+00
9.540000000000008029e+00 4.316151648895189652e+00
9.550000000000007816e+00 4.447455492414507994e+00
9.560000000000007603e+00 4.587513063401342350e+00
9.570000000000007390e+00 4.737500562659506365e+00
9.580000000000007176e+00 4.899096329473147549e+00
9.590000000000006963e+00 5.074289730208818128e+00
9.600000000000008527e+00 5.265376695790115136e+00
9.610000000000008313e+00 5.474120938115955681e+00
9.620000000000008100e+00 5.705933194023706356e+00
9.630000000000007887e+00 5.966818166576844717e+00
9.640000000000007674e+00 6.265034084067934828e+00
9.650000000000007461e+00 6.598914295961307630e+00
9.660000000000007248e+00 6.971403501603260722e+00
9.670000000000007034e+00 7.383155336175322603e+00
9.680000000000006821e+00 7.820683104641280359e+00
9.690000000000008384e+00 8.108092586174077354e+00
9.700000000000008171e+00 8.103961460067205635e+00
9.710000000000007958e+00 8.120936861253861494e+00
9.720000000000007745e+00 8.596646905983114095e+00
9.730000000000007532e+00 9.693738067978056705e+00
9.740000000000007319e+00 1.032754376589312173e+01
9.750000000000007105e+00 1.085124959152799029e+01
9.760000000000008669e+00 1.213527886298870051e+01
9.770000000000008455e+00 1.403769446337160609e+01
9.780000000000008242e+00 1.718013909347367019e+01
9.790000000000008029e+00 2.214520543182527845e+01
9.800000000000007816e+00 3.245661206571518420e+01
